cx cy w h theta_rad T class
146.913025 42.688049 48.847977 5.075943 0.385686 0.605733 0.000000
40.652237 86.763855 50.057404 4.422797 1.466500 0.692232 0.000000
75.828979 132.557007 47.695244 6.261694 1.789534 0.695296 0.000000
160.304199 134.951813 50.267990 4.488663 1.077812 0.621515 0.000000
53.931641 203.013458 46.949337 4.905003 1.726739 0.690022 0.000000
82.778351 -1.450134 5.041841 51.756840 0.775518 0.612652 0.000000
75.532043 36.132721 8.806504 52.377708 1.304233 0.696668 0.000000
98.340271 63.191650 49.940685 4.548333 0.712750 0.605940 0.000000
131.723663 170.561920 53.711586 4.744871 1.530489 0.606263 0.000000
